2.0 113336.48519404148
2.163265306122449 43516.64082563931
2.326530612244898 17759.1441280673
2.489795918367347 7608.137512442797
2.6530612244897958 3381.3696875076166
2.816326530612245 1539.0833454868412
2.979591836734694 705.853584685377
3.142857142857143 319.1102961682302
3.3061224489795915 136.20510050707
3.4693877551020407 49.94533570803521
3.63265306122449 9.539262483324642
3.7959183673469385 -8.866967323403726
3.9591836734693877 -15.70219698218753
4.122448979591836 -18.20039195719844
4.285714285714286 -17.51538050531137
4.448979591836734 -16.329972734260068
4.612244897959183 -13.678590533291743
4.775510204081632 -12.12201594452205
4.938775510204081 -10.634122039003481
5.1020408163265305 -9.256203918778438
5.26530612244898 -7.6782095771920185
5.428571428571429 -6.974111500016269
5.591836734693877 -5.880765056880774
5.755102040816326 -4.786997751064994
5.918367346938775 -4.357477042829095
6.081632653061225 -3.6169222738328766
6.244897959183673 -2.6528215772741275
6.408163265306122 -3.0573415085156954
6.571428571428571 -1.773041855948018
6.73469387755102 -2.243303008662558
6.897959183673469 -1.4602228363387129
7.061224489795918 -1.8993318185062118
7.224489795918367 -1.174794801114732
7.387755102040816 -1.2296534114421172
7.551020408163265 -0.6200127713570515
7.7142857142857135 -1.1476490062106781
7.877551020408163 -0.8172367674312778
8.040816326530612 -0.6191673433991904
8.204081632653061 -0.8783281786580366
8.367346938775508 -0.9671997743592607
8.53061224489796 -0.23060923280043683
8.693877551020407 -0.6375381032336177
8.857142857142858 -0.025258008830334022
9.020408163265305 -0.39712770757889393
9.183673469387754 -0.7554617192004536
9.346938775510203 0.14779368967206302
9.510204081632653 0.015151230734891663
9.673469387755102 -0.6423815103410359
9.83673469387755 0.1865288917604319
10.0 -0.6620716739490011
