2.0 33382.22597762612
2.163265306122449 12695.071289673724
2.326530612244898 5105.0825784963345
2.489795918367347 2138.125787354305
2.6530612244897958 917.7812668290528
2.816326530612245 395.0098395806881
2.979591836734694 164.23057305544933
3.142857142857143 61.407402460846
3.3061224489795915 15.522998257214441
3.4693877551020407 -3.620346981197793
3.63265306122449 -11.028563378692109
3.7959183673469385 -13.40925506581323
3.9591836734693877 -12.762699201753172
4.122448979591836 -12.092561364375914
4.285714285714286 -10.395970083712823
4.448979591836734 -9.245401747318715
4.612244897959183 -7.102254152791923
4.775510204081632 -6.233854829962884
4.938775510204081 -5.467291732868466
5.1020408163265305 -4.77418526714446
5.26530612244898 -3.8150985007990537
5.428571428571429 -3.655278660091009
5.591836734693877 -3.0330298139468788
5.755102040816326 -2.343228918607502
5.918367346938775 -2.258276080238104
6.081632653061225 -1.8108271661612299
6.244897959183673 -1.0958072082256074
6.408163265306122 -1.7120298457165355
6.571428571428571 -0.6078365627135465
6.73469387755102 -1.2315545220397968
6.897959183673469 -0.5794712282307347
7.061224489795918 -1.1306436548166747
7.224489795918367 -0.5021943769584527
7.387755102040816 -0.6396412687051581
7.551020408163265 -0.10116143860832316
7.7142857142857135 -0.6902652854531055
7.877551020408163 -0.4130804329776004
8.040816326530612 -0.26121716258339833
8.204081632653061 -0.5605873646675832
8.367346938775508 -0.6845341616382294
8.53061224489796 0.021387456752492595
8.693877551020407 -0.41241961603241806
8.857142857142858 0.17625124585761992
9.020408163265305 -0.2164019834371735
9.183673469387754 -0.5930712961661742
9.346938775510203 0.2939748443326943
9.510204081632653 0.14697349315177455
9.673469387755102 -0.523304147951313
9.83673469387755 0.29427217750891976
10.0 -0.5644266547068125
