2.0 116.61579150138236
2.163265306122449 32.16640626624959
2.326530612244898 5.161845718643307
2.489795918367347 -3.109865451009963
2.6530612244897958 -4.557957985755478
2.816326530612245 -4.39307031236505
2.979591836734694 -4.187496092796631
3.142857142857143 -3.3367162871714497
3.3061224489795915 -2.7583662711041947
3.4693877551020407 -1.6868988522710242
3.63265306122449 -1.0371313587607078
3.7959183673469385 -0.9562976131414809
3.9591836734693877 -0.34489974602655293
4.122448979591836 -0.734862915318871
4.285714285714286 -0.43096357356490267
4.448979591836734 -0.6903552781678973
4.612244897959183 0.15823402922641655
4.775510204081632 -0.10733188549297884
4.938775510204081 -0.309492142730123
5.1020408163265305 -0.43263872555754046
5.26530612244898 -0.1562839372431492
5.428571428571429 -0.5655125282935173
5.591836734693877 -0.4170396459813427
5.755102040816326 -0.12187745047926557
5.918367346938775 -0.36613444095718917
6.081632653061225 -0.1939077868505772
6.244897959183673 0.29042611988210854
6.408163265306122 -0.5197091694688826
6.571428571428571 0.42098701688150864
6.73469387755102 -0.34101482847314984
6.897959183673469 0.19373937179507547
7.061224489795918 -0.45729748812103793
7.224489795918367 0.08588622559622834
7.387755102040816 -0.12458587204186944
7.551020408163265 0.3511630998876664
7.7142857142857135 -0.29198733805174326
7.877551020408163 -0.06150077777015191
8.040816326530612 0.04990071811904975
8.204081632653061 -0.28462270175981275
8.367346938775508 -0.4391909929002765
8.53061224489796 0.23998861862463272
8.693877551020407 -0.21723019420035675
8.857142857142858 0.35089539154688426
9.020408163265305 -0.05982942377497752
9.183673469387754 -0.4524301729622552
9.346938775510203 0.4205406761034797
9.510204081632653 0.2610777158613083
9.673469387755102 -0.42025538114218586
9.83673469387755 0.38749356771897564
10.0 -0.4799577338339073
