2.0 983.2771125299009
2.163265306122449 336.08508384576
2.326530612244898 111.35692380645911
2.489795918367347 30.903516825487035
2.6530612244897958 2.867513227398017
2.816326530612245 -6.37675527300369
2.979591836734694 -9.007559414341378
3.142857142857143 -8.520047167378378
3.3061224489795915 -7.446458584514926
3.4693877551020407 -5.6546794261671955
3.63265306122449 -4.297590884194351
3.7959183673469385 -3.6005888514537716
3.9591836734693877 -2.4791039840201075
4.122448979591836 -2.4567721193513075
4.285714285714286 -1.8232564254139563
4.448979591836734 -1.820207354974598
4.612244897959183 -0.7627062780207585
4.775510204081632 -0.8616282557014066
4.938775510204081 -0.9304075828344861
5.1020408163265305 -0.9463490501657386
5.26530612244898 -0.5834289150990853
5.428571428571429 -0.9224193507537006
5.591836734693877 -0.716675461715504
5.755102040816326 -0.3745863725776556
5.918367346938775 -0.5802065630046139
6.081632653061225 -0.3760186542417364
6.244897959183673 0.13487542843608052
6.408163265306122 -0.6530902502351587
6.571428571428571 0.3061898837225463
6.73469387755102 -0.4401695876324941
6.897959183673469 0.10780318802278228
7.061224489795918 -0.5320207755082158
7.224489795918367 0.020709301074611636
7.387755102040816 -0.18160668584652132
7.551020408163265 0.30113416452773767
7.7142857142857135 -0.3360029674421533
7.877551020408163 -0.10032856110691657
8.040816326530612 0.015562077561275728
8.204081632653061 -0.3150655749404846
8.367346938775508 -0.4662436375561536
8.53061224489796 0.21589416824879398
8.693877551020407 -0.23873676670356445
8.857142857142858 0.3316583699127377
9.020408163265305 -0.07707128965450229
9.183673469387754 -0.46791404241757284
9.346938775510203 0.406609296617204
9.510204081632653 0.24852030325250174
9.673469387755102 -0.43159428412918077
9.83673469387755 0.3772374865266918
10.0 -0.48924969337870833
